image: eng8.pgm
resolution: 0.050
origin: [-38.000000, -70.00000, 0.000000]
negate: 0
occupied_thresh: 0.65
free_thresh: 0.196
