pose: 
  pose: 
    position: 
      x: -2.44780596175
      y: 1.5480893254
      z: 0.0
    orientation: 
      x: 0.0
      y: 0.0
      z: 0.901697512893
      w: 0.432367430831
  covariance: [0.0, 0.0, 0.0, 0.0, 0.0, 0.0, 0.0, 0.0, 0.0, 0.0, 0.0, 0.0, 0.0, 0.0, 0.0, 0.0, 0.0, 0.0, 0.0, 0.0, 0.0, 0.0, 0.0, 0.0, 0.0, 0.0, 0.0, 0.0, 0.0, 0.0, 0.0, 0.0, 0.0, 0.0, 0.0, 0.0]

